"LagodeAjo1000" "LagodeAjo3000" "LagodeAjo6000" "LagodeAjo9000" "LagodeAjo12000" "LagodeAjo15000" "LagodeAjo18000"
"LagodeAjo1000" 0 279.6145692 274.10662345 283.187279625 348.930484985714 283.781101166667 282.484346225
"LagodeAjo3000" 279.6145692 0 210.419963833333 226.540644291667 319.916139785714 229.2020145 226.538819958333
"LagodeAjo6000" 274.10662345 210.419963833333 0 225.7316763125 335.906237928571 231.243283222222 226.03746075
"LagodeAjo9000" 283.187279625 226.540644291667 225.7316763125 0 311.474535053571 227.698162569444 227.08987871875
"LagodeAjo12000" 348.930484985714 319.916139785714 335.906237928571 311.474535053571 0 301.191756984127 305.893307535714
"LagodeAjo15000" 283.781101166667 229.2020145 231.243283222222 227.698162569444 301.191756984127 0 223.493108555556
"LagodeAjo18000" 282.484346225 226.538819958333 226.03746075 227.08987871875 305.893307535714 223.493108555556 0
